100
33 18 77 468366565
121 750 719 632 184 510 198 707 336 946 631 77 388 426 359 982 325 187 213 624 158 976 229 933 536 250 893 371 734 570 16 360 659
123 807 689 382 543 561 915 431 595 426 829 471 956 854 278 669 255 296 973 506 967 234 709 738 416 677 63 990 143 60 370 154 467
29 2 658 523136725
678 728 24 285 675 820 511 924 732 226 941 978 173 706 638 154 172 570 421 424 860 172 454 768 824 999 729 689 197
483 737 797 555 410 426 642 770 602 629 196 878 23 84 496 352 510 436 341 966 41 282 538 18 283 467 87 733 410
6 2 188 252162195
255 88 993 633 519 521
315 993 70 399 606 257
35 31 367 643635536
34 558 906 911 12 725 508 5 15 71 813 561 146 762 334 219 528 355 551 486 332 366 158 771 696 385 998 821 57 617 438 857 509 148 512
407 574 886 129 255 991 141 614 491 876 91 593 563 431 336 370 451 767 158 921 237 695 514 11 820 500 606 372 2 969 835 98 67 695 840
36 25 441 611491035
124 561 65 13 521 904 186 376 260 201 227 756 303 761 53 219 715 864 199 191 595 699 869 913 100 666 801 196 765 816 264 3 384 162 997 396
692 623 144 544 998 552 747 611 24 643 566 415 759 348 893 301 286 935 524 24 697 276 361 487 212 79 679 263 14 680 675 920 90 723 160 612
11 8 680 483257381
707 539 85 574 148 987 642 193 94 788 978
336 969 92 398 172 137 386 227 973 975 514
50 31 4812 1000000007
41155 63421 99737 45164 7607 31849 72481 44424 24482 13223 90969 18216 45887 86963 65720 2529 21234 17979 25207 36473 5541 6424 43880 28928 9473 48158 20437 49483 26313 641 40035 86138 36538 70086 96185 65882 18451 55140 11213 84633 75910 80068 74924 63637 70575 91943 8147 30798 64068 38997
6750 82097 43436 3382 37934 10428 52020 46098 54789 3589 70237 50156 2640 27930 43969 59050 60729 64187 32206 54984 86589 98603 73622 70905 50003 56081 38208 95044 31950 2232 10046 60496 48129 74469 94711 38987 53898 48835 2275 87094 80334 67000 33081 3444 3295 76980 27677 64215 56699 5017
35 21 531 555236661
406 847 756 832 854 472 976 162 432 574 837 784 40 880 648 979 747 336 426 701 835 799 260 824 535 203 475 821 390 320 462 590 540 635 992
56 266 684 452 180 106 988 472 42 42 399 584 404 604 304 661 698 227 356 592 454 799 695 958 483 554 479 766 593 771 273 832 118 449 851
3 3 419 125127892
852 358 886
359 334 674
9 3 562 468989365
486 416 742 423 55 14 298 448 681
977 916 753 666 469 447 23 101 669
33 33 570 721345813
970 85 379 200 656 941 637 597 278 874 82 853 821 896 523 85 866 11 450 849 964 736 111 689 247 295 653 249 322 15 419 852 296
589 873 549 842 197 600 213 350 167 826 661 656 862 611 939 305 152 154 108 520 170 81 544 117 659 329 109 72 174 674 964 128 873
48 30 913 217539826
582 997 123 8 374 480 982 534 889 863 823 464 316 581 278 87 583 112 70 245 201 921 801 702 942 608 854 199 932 663 28 535 635 242 23 874 975 538 623 956 411 802 427 489 434 748 319 725
185 106 893 678 125 106 421 542 119 524 14 985 126 617 165 411 882 879 263 955 658 806 600 221 954 884 341 990 718 334 313 112 66 784 94 411 663 568 282 948 952 430 170 17 261 914 386 991
44 34 386 923351509
735 588 574 635 937 959 454 305 965 355 534 991 2 467 390 141 752 576 628 537 237 360 436 577 803 758 53 52 978 557 460 886 648 427 735 716 908 679 125 305 868 41 855 527
655 968 582 562 680 894 986 510 158 238 925 843 320 174 104 264 118 504 832 284 702 273 313 580 622 572 188 892 575 294 483 969 432 2 627 590 677 477 678 229 831 53 636 719
32 19 53 423472016
175 912 962 867 829 60 951 960 391 257 62 200 938 421 488 32 805 695 684 527 879 292 115 709 903 843 323 608 38 500 384 325
294 546 525 588 792 818 562 791 448 11 580 802 757 351 214 288 740 233 486 120 886 604 735 154 75 290 443 492 83 78 324 674
1 1 1 5
1
1
12 1 547 899502163
502 311 687 702 854 198 878 77 32 699 572 328
830 669 63 44 641 954 799 306 295 646 198 649
50 44 300 15666966
629 500 509 708 902 42 64 339 520 677 730 973 693 52 30 802 937 279 259 719 914 986 922 358 868 169 251 390 463 597 178 915 945 550 635 878 952 439 38 942 466 840 966 385 197 858 345 675 249 331
169 267 255 97 888 656 516 540 562 833 684 82 158 389 705 764 466 333 219 383 964 379 821 354 620 443 338 841 732 415 174 18 145 281 913 193 822 400 309 900 301 465 328 235 746 650 118 348 799 754
31 13 772 189670447
775 45 853 844 28 671 94 858 215 369 771 293 584 104 679 602 502 789 442 894 889 933 301 335 164 167 568 642 336 7 84
423 681 178 848 515 802 497 441 811 458 816 239 818 65 410 303 222 938 8 765 627 815 184 573 923 362 821 199 578 128 983
2 1 259 477497135
527 975
453 853
49 21 111 633047197
935 136 299 156 446 107 711 54 361 713 883 522 979 514 967 955 48 80 947 676 114 392 201 315 442 974 353 934 715 528 310 740 596 114 30 937 948 766 99 130 902 872 449 551 179 703 900 388 512
621 454 151 383 437 440 389 450 52 448 170 872 996 792 229 763 104 495 981 189 554 775 754 629 406 547 376 862 382 505 409 801 672 344 238 769 556 573 128 868 653 988 237 935 254 28 599 665 403
13 8 612 496601142
546 805 439 613 532 846 435 975 754 944 898 605 40
720 292 84 905 374 538 936 607 366 586 10 340 50
50 50 100000 1000000007
100000 100000 100000 100000 100000 100000 100000 100000 100000 100000 100000 100000 100000 100000 100000 100000 100000 100000 100000 100000 100000 100000 100000 100000 100000 100000 100000 100000 100000 100000 100000 100000 100000 100000 100000 100000 100000 100000 100000 100000 100000 100000 100000 100000 100000 100000 100000 100000 100000 100000
100000 100000 100000 100000 100000 100000 100000 100000 100000 100000 100000 100000 100000 100000 100000 100000 100000 100000 100000 100000 100000 100000 100000 100000 100000 100000 100000 100000 100000 100000 100000 100000 100000 100000 100000 100000 100000 100000 100000 100000 100000 100000 100000 100000 100000 100000 100000 100000 100000 100000
9 9 407 738731822
468 287 564 271 297 235 196 555 438
364 925 255 312 461 675 990 392 206
2 1 89 596934248
773 494
956 551
49 12 362 307181143
434 203 527 561 588 489 812 303 496 991 719 956 264 142 537 719 243 441 791 125 783 261 534 632 465 510 915 43 86 394 291 952 854 885 830 294 2 586 236 849 706 965 267 450 313 101 561 1000 338
180 122 619 214 424 557 780 380 933 541 639 783 636 868 215 407 628 520 930 6 218 278 192 34 287 404 218 109 32 390 674 793 22 249 873 933 720 164 14 994 394 10 747 41 990 492 226 580 146
49 30 922 723486138
246 512 177 383 41 320 360 770 248 390 189 638 929 781 323 250 875 317 605 341 354 362 42 975 663 567 583 46 544 818 143 558 151 281 738 658 373 914 901 917 257 95 535 239 14 550 823 194 219
416 923 39 615 640 413 934 435 140 932 915 678 203 748 519 908 761 783 720 372 671 100 252 869 385 441 114 335 84 109 790 776 62 707 336 169 771 223 321 195 161 890 946 931 859 171 833 665 363
34 27 656 815028054
786 869 667 708 6 972 835 711 442 590 344 271 781 71 772 223 913 60 293 929 755 420 490 206 698 129 462 226 226 313 871 198 812 693
323 471 197 309 780 375 698 988 46 748 483 402 842 300 714 359 798 155 438 678 435 121 894 605 49 590 12 91 494 661 715 213 665 231
5 1 514 863585250
518 831 508 107 802
548 165 538 143 483
7 7 31 316727087
717 415 437 257 906 973 353
100 133 965 896 323 909 909
28 9 308 226459765
292 145 374 374 830 162 562 484 676 595 351 468 837 989 10 695 925 855 104 48 70 659 414 338 211 635 344 239
812 701 369 96 167 406 618 813 619 823 262 238 573 960 881 329 249 179 352 968 34 544 949 187 150 365 561 637
36 3 503 265631356
20 76 61 759 250 586 446 853 338 916 329 298 511 819 744 506 46 83 155 343 411 194 735 154 122 381 720 831 297 997 951 625 393 25 635 322
466 622 405 774 655 100 649 924 809 573 999 715 772 945 594 524 126 349 320 100 684 796 691 318 89 731 445 177 949 504 914 694 994 514 703 503
22 21 4 456666744
451 617 995 642 461 799 785 481 162 637 573 725 271 680 709 878 427 674 638 993 12 573
27 863 423 788 145 678 144 723 756 474 798 485 619 450 49 163 322 733 741 197 832 436
5 4 121 536770382
648 694 377 478 483
66 942 147 278 585
50 23 72315 1000000007
2759 27509 70389 70090 56112 80054 44075 95844 28333 23814 30141 34689 42070 6068 66488 8696 69660 74616 92773 24766 66090 73965 69020 93609 82977 74958 81902 66198 79603 53619 34442 66733 36695 49650 64545 58757 76200 19841 51758 85584 15731 76397 94385 37394 67492 12628 13315 12589 32206 79931
25153 31127 61612 2755 52753 66791 95467 89469 66662 57503 74482 37202 21170 16337 22744 10127 16217 10742 75791 34005 59341 30202 72617 17125 31118 42520 38998 53546 39960 47551 86925 77029 26096 89319 89168 53674 45461 27897 72920 51993 23406 94272 22104 37891 66636 87103 58307 86348 46553 2413
47 14 993 441063119
10 494 124 827 911 178 134 981 729 771 807 966 355 580 646 371 560 42 716 200 502 469 539 492 760 16 212 310 550 753 466 515 844 456 631 493 559 700 519 984 560 706 141 490 355 711 1
483 679 178 853 516 205 831 590 509 281 170 855 583 87 918 56 272 571 131 481 638 684 42 341 278 221 780 328 854 612 247 192 589 81 658 353 717 798 541 773 294 958 701 121 911 16 416
48 6 935 565552239
445 233 568 229 500 258 484 992 181 370 395 394 880 899 398 252 535 781 308 938 946 155 217 40 315 452 560 361 760 608 733 460 438 880 2 808 424 442 886 405 229 26 253 503 595 350 349 547
569 758 700 19 144 507 874 828 395 562 769 285 577 865 138 642 501 522 740 528 41 817 279 682 27 242 743 108 249 46 686 688 249 177 292 147 171 275 604 940 259 337 150 216 218 40 954 401
30 24 765 122261200
642 163 659 799 287 233 556 724 198 383 200 923 716 767 730 500 64 550 71 923 908 131 916 389 436 124 432 968 564 717
792 880 462 449 340 313 541 527 558 328 624 790 355 748 324 209 389 364 13 813 816 97 615 11 853 504 697 955 121 254
3 2 1 127
3 2 1
1 3 2
35 7 221 954749181
877 856 174 902 700 320 145 484 299 696 983 16 707 543 217 766 233 329 835 724 564 520 619 701 633 695 433 370 413 486 759 90 501 926 776
315 230 544 464 769 130 201 766 826 526 912 378 346 722 404 961 71 26 161 473 590 737 140 618 467 655 341 605 935 872 943 111 509 461 698
47 27 434 427600412
816 376 542 791 848 207 426 202 320 698 526 678 632 207 259 794 854 311 458 637 956 242 262 59 591 697 115 260 112 944 901 322 904 23 259 581 753 442 499 77 375 11 576 289 666 285 254
645 964 416 558 431 74 766 305 482 261 98 52 977 745 268 855 313 128 33 48 8 555 766 806 212 709 33 175 980 36 293 959 300 267 593 875 369 478 618 268 249 809 58 694 574 748 741
31 6 980 461320105
259 75 118 111 382 11 908 486 57 656 715 703 876 946 880 157 168 601 852 100 82 404 135 509 582 847 253 852 563 742 989
39 475 671 204 424 634 989 774 154 981 489 36 721 889 508 642 417 447 444 955 164 111 533 894 968 794 908 649 886 363 827
33 20 178 481498081
892 957 519 676 890 760 653 374 27 845 963 789 15 450 300 281 834 768 290 636 578 731 141 771 758 347 191 110 596 118 944 624 169
88 230 506 458 475 844 401 638 722 545 717 462 404 815 972 661 746 179 647 501 303 904 225 705 116 350 617 40 102 32 365 241 301
43 25 385 267384679
203 800 395 387 112 528 619 416 189 399 28 341 830 310 417 492 846 105 820 505 46 367 194 485 422 192 398 365 150 136 780 877 833 237 22 549 112 11 828 894 296 273 778
552 265 148 485 881 446 789 612 272 256 448 577 926 981 898 370 809 893 481 97 880 692 511 862 274 116 250 690 861 166 96 275 916 602 730 215 704 480 812 659 51 447 734
23 18 604 556279455
568 764 833 679 8 845 642 654 36 518 159 9 713 708 140 327 101 807 647 86 675 808 806
96 817 963 350 609 839 996 401 149 692 679 65 766 697 49 104 839 467 430 441 733 114 184
3 1 165 506301210
250 615 722
471 59 749
50 45 771 856930307
741 556 581 504 187 487 542 78 611 481 817 764 217 147 22 225 507 413 753 638 273 549 11 185 925 737 717 894 104 566 794 871 664 354 223 782 177 318 14 530 907 67 422 127 76 693 227 689 982 246
925 925 814 758 675 622 41 6 543 95 384 627 379 980 399 830 261 391 610 259 521 301 438 794 275 226 320 620 727 408 410 821 773 315 376 404 667 190 260 609 59 929 528 155 714 618 831 577 413 182
35 22 247 100695250
562 712 113 182 274 862 979 497 323 582 662 132 395 251 441 448 845 407 594 320 914 47 847 500 915 191 168 613 543 386 80 522 937 309 15
779 704 360 251 466 170 780 200 18 555 753 145 56 878 208 908 55 183 714 405 982 246 273 47 325 32 974 334 77 394 486 217 491 75 576
15 12 303 56156228
384 529 746 161 588 126 89 759 932 891 438 778 319 979 126
536 84 498 198 494 45 740 516 51 949 212 243 617 787 792
2 1 5 11
1 2
3 4
16 7 635 718371623
748 81 962 905 36 398 126 20 431 124 178 807 544 168 292 140
864 974 689 761 650 934 771 29 75 591 499 439 941 188 278 466
36 21 944 331365073
434 813 740 826 870 963 695 632 463 83 810 260 948 142 319 343 984 719 43 311 774 786 360 373 977 753 185 129 321 184 16 697 380 171 899 598
861 24 111 435 99 23 792 123 68 27 516 26 590 793 814 877 103 941 442 791 980 933 385 423 246 498 948 398 775 924 874 713 121 228 683 3
16 12 813 843837114
404 989 239 414 842 848 2 641 801 680 326 929 91 584 115 233
526 673 236 37 367 704 315 27 459 904 799 832 897 894 815 868
31 17 998 167786172
487 593 903 116 853 532 933 322 160 566 26 268 162 49 197 565 423 757 220 312 483 839 895 576 767 977 838 513 4 938 426
617 199 475 591 783 116 787 914 320 282 463 817 27 454 201 199 775 408 742 891 563 202 223 564 356 669 300 369 582 597 179
11 8 563 72864708
987 390 434 139 678 361 741 893 855 405 799
252 783 530 372 181 802 43 827 303 753 444
5 1 839 856605127
195 254 575 971 719
306 172 217 698 260
3 2 95 624082643
147 709 112
295 166 956
9 5 654 99042005
804 395 38 317 623 157 906 579 274
358 103 75 938 292 240 517 896 296
50 1 32767 1000000007
1 1 1 1 1 1 1 1 1 1 1 1 1 1 1 1 1 1 1 1 1 1 1 1 1 1 1 1 1 1 1 1 1 1 1 1 1 1 1 1 1 1 1 1 1 1 1 1 1 1
1 1 1 1 1 1 1 1 1 1 1 1 1 1 1 1 1 1 1 1 1 1 1 1 1 1 1 1 1 1 1 1 1 1 1 1 1 1 1 1 1 1 1 1 1 1 1 1 1 1
50 25 93456 1000000007
50 49 48 47 46 45 44 43 42 41 40 39 38 37 36 35 34 33 32 31 30 29 28 27 26 25 24 23 22 21 20 19 18 17 16 15 14 13 12 11 10 9 8 7 6 5 4 3 2 1
50 49 48 47 46 45 44 43 42 41 40 39 38 37 36 35 34 33 32 31 30 29 28 27 26 25 24 23 22 21 20 19 18 17 16 15 14 13 12 11 10 9 8 7 6 5 4 3 2 1
33 21 102 55963848
598 504 809 427 389 615 975 331 637 145 924 83 126 340 525 346 482 446 754 5 359 91 726 402 252 286 563 521 556 349 855 459 943
260 220 232 216 209 817 594 1 233 825 260 918 890 318 51 143 912 248 866 215 169 138 349 186 809 978 488 235 241 844 206 340 270
50 38 28147 1000000007
71810 63486 88120 59435 54073 62515 39200 56565 77826 20020 27051 43044 85323 72101 91786 7596 61027 65303 82152 50302 63409 70142 8181 9991 73620 77121 72040 2344 69157 22658 6722 42463 62364 30758 87647 14335 5177 53091 51021 7015 75370 37883 19056 33120 92043 96275 30065 38087 32763 74540
66786 48664 25545 61591 64225 5110 99223 53543 65893 6961 6756 51214 953 14532 51583 45375 47207 89018 33 30443 7882 58354 13159 26155 8627 53344 55988 11246 61848 90648 33445 52840 93654 81350 75318 85972 63345 6633 12799 91453 89224 95936 25668 32108 78363 30558 95735 49047 31067 33856
17 12 572 557614533
817 315 161 291 570 577 42 440 128 562 924 82 1 928 437 922 62
689 595 891 35 641 244 755 683 836 196 645 71 166 24 592 244 451
9 8 852 946875393
75 191 622 556 219 570 566 959 467
735 168 421 726 905 523 711 293 488
43 13 768 649282374
605 829 478 873 619 477 633 77 526 671 835 128 820 200 193 914 764 406 440 835 272 886 114 857 719 161 174 110 666 585 139 202 983 408 307 151 878 813 33 761 221 750 217
721 584 572 709 223 585 411 818 412 129 358 719 841 733 368 620 370 325 585 441 98 617 132 183 142 258 832 525 839 640 471 978 534 541 320 337 493 789 447 772 397 816 468
11 5 268 471138870
22 734 441 176 363 236 84 557 99 853 136
342 18 168 230 720 803 258 998 655 420 753
46 27 334 842379993
521 409 582 719 294 286 28 39 717 11 509 208 158 127 988 909 21 863 497 844 920 272 396 103 995 964 408 27 975 552 934 827 855 933 677 169 232 636 961 491 7 431 543 659 604 990
321 72 356 453 985 817 362 862 47 983 686 768 450 258 617 849 669 807 215 652 56 712 450 522 831 780 813 634 646 599 302 698 35 996 771 501 771 756 748 428 561 978 353 879 244 510
37 15 139 13073929
710 988 319 874 287 521 172 540 696 815 895 170 917 107 827 395 643 73 696 703 435 802 675 981 22 510 384 596 818 13 501 329 851 490 154 38 114
373 627 957 594 106 20 513 816 559 800 421 180 379 335 678 85 237 961 599 307 720 622 184 923 249 153 309 868 503 251 515 219 260 682 547 474 487
4 4 290 433801095
294 715 358 437
951 671 902 901
37 2 712 483553118
399 365 561 701 468 881 468 336 118 362 426 154 964 595 164 101 594 201 719 419 786 63 631 173 590 95 677 680 370 629 812 971 663 940 828 76 216
544 774 883 339 67 268 571 989 285 900 757 276 181 991 529 852 110 579 542 576 469 928 114 642 733 992 525 736 635 944 950 662 203 575 544 951 773
26 7 768 202855684
393 79 909 520 124 372 804 120 418 293 496 82 863 284 710 532 840 768 900 428 856 119 675 722 467 681
418 356 378 894 61 818 290 800 960 174 442 13 903 569 535 854 877 225 741 468 1 558 901 981 497 359
50 22 13759 1000000007
45355 28247 45013 30351 15870 11107 67279 70223 64279 57921 36709 90267 22927 5213 27700 84001 75781 62883 40425 27175 78038 98822 52080 6860 44641 68056 88955 2082 54296 88596 86127 9992 39759 44816 74520 6588 80992 29127 44906 32526 35737 45777 98279 81000 91409 5999 98592 12310 62981 52892
26360 37559 18675 79093 784 21749 97246 47622 50014 80542 623 30974 61580 71297 59711 7126 58616 25468 88920 31922 25105 89149 492 33529 98993 72419 24181 3383 79338 73054 4339 45764 1279 55454 61078 52714 2220 78527 65996 59400 24224 13495 37068 46752 76475 12008 55962 25024 16359 67828
26 10 731 453369050
215 295 818 726 929 498 182 285 417 748 997 987 513 708 831 926 651 490 67 240 157 889 436 123 583 189
423 721 673 97 911 142 500 568 810 300 79 674 782 31 16 526 201 291 216 510 378 389 643 689 280 661
50 43 23686 1000000007
37033 62991 76514 47237 67846 40288 45464 80258 13241 75129 76774 33360 25538 70975 89284 87287 77666 44432 89369 35841 34470 23147 80858 59235 2641 50783 78600 1359 24407 77753 35133 91008 91601 1134 53766 41495 3479 18542 52352 66002 24407 39085 68509 2022 10788 84513 67795 68829 16774 29078
25666 43227 92305 2195 67219 31541 87627 72699 57297 14434 26153 95603 93483 93829 72754 38958 42933 68497 27144 60177 65721 18924 5055 81019 81350 92968 28198 10867 65066 429 88120 32229 31038 44109 50463 94152 19750 60569 46533 91782 28449 81423 53720 62419 54997 27425 99039 15425 49900 73923
23 6 739 549017805
317 408 915 97 115 12 220 961 553 510 965 416 26 281 866 521 142 790 715 83 509 315 76
182 105 973 383 169 774 701 68 534 847 308 68 135 578 316 174 287 807 89 351 543 782 560
50 26 653 166807448
622 710 609 109 620 619 801 696 520 101 707 493 696 657 301 312 171 220 728 909 901 934 848 940 996 608 907 420 415 527 929 967 926 863 378 156 255 376 91 787 8 30 749 204 528 21 754 131 843 672
915 815 726 127 688 687 421 223 491 487 552 487 30 486 265 597 641 987 536 993 103 488 768 609 782 607 275 190 452 45 999 339 423 736 144 587 274 248 514 39 619 878 342 522 511 235 707 757 53 526
31 20 602 54460417
545 611 346 32 972 313 527 935 749 375 780 150 527 710 400 649 367 625 747 557 433 104 589 744 530 857 408 637 482 541 483
517 531 456 366 28 83 507 800 257 906 60 532 937 794 661 543 942 176 803 501 262 686 346 340 963 304 241 552 233 754 400
43 8 519 796557227
985 650 786 537 157 739 929 464 979 375 344 283 396 885 666 827 426 640 812 764 36 593 35 772 464 384 569 351 846 913 78 345 997 296 493 491 421 689 325 321 520 963 311
939 895 516 423 735 27 957 989 796 888 935 564 830 786 450 680 135 994 538 257 307 786 820 293 88 262 233 811 366 541 697 733 946 732 64 915 136 747 580 951 759 521 445
48 18 842 637013232
350 563 370 566 401 95 100 349 99 75 602 652 760 703 519 199 205 799 656 988 413 636 776 241 834 607 842 106 471 336 337 429 329 608 298 524 633 697 410 119 25 162 161 291 874 767 700 852
398 511 833 134 440 681 16 944 301 721 535 480 548 430 650 957 533 331 120 455 184 891 51 172 106 992 959 672 268 401 735 990 658 360 564 912 991 935 419 685 973 953 104 151 462 202 904 298
40 13 242 264019707
41 299 874 765 878 653 930 555 500 634 706 912 131 107 348 136 902 291 352 524 891 52 875 700 110 439 574 945 628 813 697 763 459 301 927 858 119 917 622 251
652 294 317 675 337 236 205 842 130 526 632 819 857 984 611 187 673 21 996 294 512 255 551 944 387 606 845 65 583 476 656 475 726 815 794 735 729 191 214 796
8 5 346 548561102
164 499 827 933 360 417 192 619
567 871 427 997 938 362 221 979
41 9 93 754146528
696 622 9 379 144 422 838 911 247 197 808 665 322 396 968 115 211 864 774 398 423 79 861 943 934 663 880 549 943 749 196 715 414 604 259 45 768 544 40 485 111
550 455 231 506 134 341 182 961 325 550 735 456 903 945 809 431 903 907 963 906 347 547 801 994 285 995 658 458 316 195 486 427 102 277 344 894 159 584 216 579 825
18 13 577 730580633
706 509 821 877 369 193 470 698 222 489 471 137 656 64 204 765 491 28
214 415 450 319 674 523 255 408 889 378 921 764 196 825 526 918 65 476
43 29 816 612969392
879 221 246 955 808 840 582 375 6 875 43 477 39 108 703 86 95 496 562 778 893 883 82 511 220 287 749 423 873 949 93 971 996 180 103 653 971 582 836 978 173 3 529
28 515 309 193 899 141 637 853 821 326 839 744 992 324 568 39 608 518 530 670 116 334 735 916 440 824 329 585 6 972 444 977 397 511 221 525 863 64 116 435 70 143 531
33 32 378 152232825
619 694 91 666 237 972 968 161 874 53 93 504 62 263 801 403 700 806 341 33 32 738 252 496 24 185 268 660 45 905 699 972 588
241 800 627 134 55 786 382 420 474 351 295 159 276 896 69 296 465 623 216 673 623 221 77 298 409 103 112 512 26 370 429 481 206
1 1 525 620037353
821
22
12 9 193 774417597
153 886 630 565 300 751 59 335 526 190 109 175
538 283 643 739 769 815 219 565 441 541 440 302
42 9 209 14392295
602 617 929 506 513 877 42 64 547 560 323 253 490 866 215 160 785 484 282 114 180 210 727 11 956 793 397 56 441 648 11 813 420 540 639 465 725 685 691 893 27 491
901 736 146 160 526 631 980 591 261 901 535 825 75 440 715 423 759 320 567 543 773 599 902 127 61 350 167 222 345 913 372 583 896 954 745 312 517 295 527 897 308 548
48 26 912 374168640
485 567 285 459 430 57 733 813 425 878 331 867 805 363 209 80 563 853 686 324 747 559 970 697 291 131 912 644 153 948 742 341 675 321 299 165 87 524 241 305 453 101 71 408 452 604 914 775
530 733 770 75 732 905 39 363 454 36 926 786 55 916 139 97 662 55 404 116 637 817 979 262 277 827 865 15 296 777 317 642 325 29 976 864 688 549 810 304 387 984 219 274 475 457 896 539
41 2 31 328524176
16 915 813 980 35 774 239 573 440 634 480 161 813 697 757 695 173 457 820 769 983 474 375 774 49 726 112 959 878 951 963 364 429 757 220 625 334 685 622 497 944
1000 928 885 164 1000 438 905 414 40 174 153 862 714 413 407 693 972 458 416 82 911 293 250 895 10 604 189 69 244 736 139 387 224 797 826 386 952 887 604 184 458
25 2 864 202354743
594 894 127 474 589 262 102 859 211 346 920 276 699 155 250 12 415 611 456 684 725 794 327 803 867
495 902 783 499 644 783 504 176 272 648 143 561 103 861 419 132 902 181 438 40 340 17 269 311 596
48 19 883 79959194
957 533 8 38 288 812 699 789 860 577 389 618 911 605 953 342 104 432 428 218 355 478 433 957 455 694 938 648 397 250 716 306 726 915 260 517 674 240 327 75 102 414 645 293 735 165 173 707
662 137 912 943 112 164 808 647 620 446 863 307 838 974 169 128 626 346 178 473 114 777 850 839 768 810 564 774 775 475 550 359 878 771 358 709 782 366 262 234 244 409 363 488 539 969 904 705
13 5 423 994208230
497 725 955 138 534 761 409 174 196 266 874 729 174
847 965 911 604 742 596 155 211 648 387 461 246 536
21 11 304 427413973
190 93 973 899 794 280 447 962 379 608 219 723 472 684 262 756 117 725 199 883 831
225 787 226 824 390 116 870 914 542 158 996 493 113 67 859 328 559 214 769 388 345
48 22 553 162551618
163 934 35 208 522 750 739 360 20 49 147 99 545 848 119 980 567 811 72 392 14 853 873 290 717 11 126 976 816 233 56 929 851 900 511 889 779 991 10 897 730 119 999 962 522 4 624 62
199 933 669 640 855 786 838 9 646 174 36 894 642 815 757 816 142 414 986 515 324 964 591 679 529 816 37 481 182 713 827 195 899 817 910 909 498 547 933 385 565 663 965 279 259 497 664 493
46 17 392 321014096
629 768 405 193 510 461 642 549 390 407 37 87 5 770 944 332 755 795 474 339 134 500 169 705 556 952 800 367 881 210 757 627 290 958 418 40 416 253 492 951 38 297 827 666 543 819
514 259 772 628 833 101 4 925 849 708 668 382 280 597 321 807 291 391 182 605 46 466 724 671 346 545 416 958 512 881 591 417 238 890 162 26 480 936 600 287 356 296 59 69 43 221
24 2 647 798943933
661 230 290 385 647 662 148 594 354 759 322 638 405 103 646 374 2 97 894 283 157 316 985 900
888 578 708 252 138 423 504 294 135 361 123 151 183 739 76 731 79 355 119 794 439 840 884 128
33 6 622 822488644
390 976 870 328 280 544 88 774 68 333 600 277 384 788 270 221 853 19 864 108 448 820 689 754 210 199 408 459 819 98 544 329 307
112 141 754 328 176 609 391 996 433 885 75 322 439 913 251 208 100 947 258 919 989 692 647 625 130 586 998 477 798 630 243 301 504
16 6 572 186710267
396 850 729 893 917 584 41 432 555 522 263 795 153 524 651 238
423 405 655 36 300 750 300 648 846 415 852 148 607 257 935 611
41 10 310 641487133
585 563 760 278 192 405 604 837 596 734 472 835 273 637 635 918 794 540 599 340 637 830 350 139 284 747 851 144 315 500 399 635 539 767 42 853 729 998 119 141 543
550 368 122 714 815 776 27 311 25 341 184 824 209 110 459 289 341 802 505 206 145 272 847 687 755 393 209 307 103 111 625 198 607 189 509 760 296 901 974 366 484
23 14 195 345597349
349 483 240 942 873 699 695 830 913 991 21 181 124 854 724 691 588 309 817 477 330 97 778
542 530 49 619 372 691 558 549 662 651 247 172 219 176 174 369 184 516 726 619 563 904 205
